46
40
64
86
21
19
47
41
58
42
4
90
6
73
1
1
23
74
21
80
50
57
42
91
38
71
5
74
27
73
80
31
57
38
85
8
4
46
83
71
87
40
40
43
50
36
24
32
62
92
38
14
98
49
80
88
97
72
49
50
15
72
15
84
62
73
34
67
87
93
96
77
91
50
92
11
18
98
42
3
47
72
13
34
36
66
32
8
58
97
10
31
97
34
56
16
25
55
81
77
3
57
44
69
95
61
23
49
56
70
70
98
31
46
3
42
60
80
48
95
41
26
10
89
83
66
79
58
93
77
85
62
18
65
1
90
29
43
39
75
44
82
51
88
28
11
99
52
31
14
55
45
7
86
36
76
48
54
85
29
81
64
55
79
84
8
81
66
45
13
14
17
41
73
51
58
75
21
62
72
66
28
28
80
23
40
55
32
29
25
43
74
57
11
93
80
28
72
4
20
30
34
7
19
1
38
4
34
36
77
1
27
92
14
63
53
37
75
57
44
52
50
37
21
69
40
59
31
80
70
31
4
17
42
42
32
22
9
80
84
37
22
95
52
24
16
81
44
47
40
44
52
16
59
67
80
97
86
50
60
79
72
53
65
46
97
10
50
71
31
32
28
95
72
8
31
54
84
96
53
58
16
83
40
27
78
88
58
74
62
35
36
59
20
6
64
69
31
6
27
7
31
72
17
8
16
57
43
52
37
27
13
89
96
2
63
88
13
38
68
9
52
76
10
95
96
69
76
67
44
62
23
79
69
47
28
43
67
33
12
22
46
7
38
36
23
46
63
18
42
75
56
93
38
18
55
55
63
22
12
46
81
75
8
75
4
34
21
50
74
21
22
80
26
47
63
46
38
73
73
51
7
58
26
68
6
30
41
51
92
72
79
45
21
65
41
71
98
63
32
88
26
13
43
22
53
76
67
91
55
9
17
89
48
61
40
23
49
40
70
74
93
69
58
3
41
77
59
60
6
92
47
75
41
84
26
93
16
5
15
30
62
50
96
83
55
90
96
60
26
18
22
58
93
58
95
56
55
40
81
76
17
7
85
62
62
42
49
63
36
47
7
45
25
41
12
43
73
74
48
50
80
99
35
88
70
89
82
83
89
69
38
75
23
39
13
55
64
34
22
14
41
33
25
78
11
77
33
52
46
52
83
80
92
31
96
17
72
97
92
73
59
65
74
66
9
32
22
86
28
57
79
39
53
34
10
47
75
56
77
93
56
30
37
38
85
57
82
92
43
95
83
67
42
49
54
75
59
58
69
79
55
47
25
89
73
44
28
58
22
49
42
16
20
98
17
30
29
37
80
52
49
29
44
32
73
12
97
5
80
34
88
17
86
97
39
10
5
47
64
41
30
24
71
93
54
68
47
44
32
25
47
23
77
18
31
26
3
93
16
61
47
23
78
88
61
25
29
22
60
8
25
82
72
40
22
25
58
50
77
6
65
54
73
56
87
65
40
69
67
13
7
12
31
4
94
8
46
83
33
29
39
25
83
24
99
64
51
38
96
6
68
52
16
11
96
93
49
22
1
95
85
60
55
47
1
13
51
68
46
15
79
75
18
48
66
40
70
49
56
23
15
2
72
61
45
55
96
21
8
1
58
24
82
38
44
79
70
37
23
87
14
82
92
82
27
92
35
67
44
56
23
1
66
78
80
83
87
93
3
46
17
31
61
45
57
55
92
79
5
87
70
34
26
69
9
33
10
90
35
52
20
29
76
51
77
58
58
4
57
60
92
76
34
77
70
82
22
48
25
71
99
55
63
57
86
89
74
97
70
48
74
96
59
51
27
87
54
10
67
98
97
89
22
44
95
93
99
49
98
27
11
62
65
63
52
64
66
20
65
88
84
60
34
10
86
95
18
83
50
83
28
13
80
26
74
11
33
19
62
93
90
25
98
43
37
13
31
95
98
62
22
35
45
79
15
37
56
13
57
99
76
16
98
16
98
98
81
39
89
42
32
47
58
72
97
59
62
90
73
74
64
22
85
88
62
93
68
2
12
37
55
21
62
62
17
74
26
83
45
38
31
92
7
57
31
74
77
73
81
56
75
65
40
83
36
54
31
11
54
5
31
80
28
53
86
11
85
95
55
24
34
78
45
35
43
72
16
28
58
87
17
95
20
55
61
89
81
78
27
62
43
16
30
41
8
51
64
54
70
20
89
81
18
58
22
96
20
5
40
63
39
3
52
66
88
36
60
73
91
97
30
7
69
92
80
19
49
5
27
92
9
61
58
38
97
36
77
62
33
